0.40282222222222225
0.3958888888888889
0.3941777777777778
0.3899
0.3957888888888889
0.4037
0.38866666666666666
0.39892222222222223
0.39174444444444445
0.39255555555555555
0.39826666666666666
0.39924444444444446
0.3905777777777778
0.39394444444444443
0.38445555555555555
0.38534444444444443
0.3862777777777778
0.3945111111111111
0.39736666666666665
0.4023888888888889
0.3875777777777778
0.38656666666666667
0.37837777777777776
0.3754111111111111
0.3864222222222222
0.38483333333333336
0.3742
0.3772
0.3786888888888889
0.37556666666666666
0.37777777777777777
0.3894111111111111
0.3849444444444444
0.3902888888888889
0.39176666666666665
0.39218888888888886
0.39615555555555554
0.41667777777777776
0.4107222222222222
0.4046444444444444
0.38003333333333333
0.3982111111111111
0.4116
0.4205333333333333
0.40125555555555553
0.4117
0.3997777777777778
0.42604444444444445
0.4580111111111111
0.4296333333333333
0.4016888888888889
0.41142222222222224
0.4056888888888889
0.40763333333333335
0.44404444444444446
