0.39437777777777777
0.3921777777777778
0.3965222222222222
0.3643777777777778
0.40775555555555554
0.39565555555555554
0.3830222222222222
0.39394444444444443
0.3753666666666667
0.3915222222222222
0.38456666666666667
0.39774444444444446
0.38133333333333336
0.37574444444444444
0.38343333333333335
0.38347777777777775
0.38164444444444445
0.37496666666666667
0.4019666666666667
0.3940444444444444
0.3998333333333333
0.3992777777777778
0.3745888888888889
0.37858888888888886
0.37556666666666666
0.3716333333333333
0.37956666666666666
0.3741
0.3744111111111111
0.38232222222222223
0.3798222222222222
0.40474444444444446
0.3858888888888889
0.3890777777777778
0.41074444444444447
0.40332222222222225
0.40663333333333335
0.4268111111111111
0.4278777777777778
0.4115333333333333
0.42212222222222223
0.42517777777777777
0.4464666666666667
0.44576666666666664
0.4282222222222222
0.44116666666666665
0.4297111111111111
0.4526222222222222
0.4804
0.47657777777777777
0.43172222222222223
0.4472888888888889
0.44864444444444446
0.4543111111111111
0.48217777777777776
