34.6714876033,117.285123967,98.1012396694
31.5619834711,116.867768595,97.3595041322
21.3719008264,114.855371901,95.479338843
20.2851239669,114.295454545,94.9359504132
27.7314049587,122.256198347,101.98553719
24.4938016529,118.615702479,99.923553719
24.0392561983,121.969008264,102.685950413
25.1818181818,129.398760331,109.690082645
12.7933884298,113.952479339,94.7871900826
17.3966942149,120.952479339,102.208677686
10.3223140496,86.8078512397,72.3016528926
6.10123966942,97.2128099174,80.0723140496
16.6859504132,115.772727273,99.3119834711
10.7995867769,108.70661157,92.8595041322
14.2789256198,110.601239669,95.1818181818
8.34297520661,103.506198347,87.4256198347
11.5082644628,118.27892562,102.22107438
8.3305785124,112.088842975,96.9173553719
12.3636363636,112.630165289,97.2252066116
11.7231404959,111.97107438,97.2045454545
7.71280991736,109.857438017,95.0578512397
10.9524793388,123.05785124,107.962809917
3.69214876033,99.347107438,86.4607438017
3.85537190083,104.52892562,90.9276859504
3.02479338843,103.266528926,90.4483471074
2.88429752066,95.3388429752,83.5909090909
2.37190082645,103.117768595,90.6818181818
3.49380165289,110.754132231,98.7644628099
2.61363636364,114.033057851,101.330578512
2.05785123967,96.8863636364,85.5702479339
2.03305785124,100.084710744,89.7685950413
7.5041322314,133.210743802,120.016528926
6.9152892562,128.037190083,115.448347107
2.67148760331,111.533057851,100.254132231
4.03925619835,114.239669421,103.694214876
3.23347107438,106.82231405,96.9070247934
3.02272727273,117.510330579,107.32231405
4.05371900826,100.233471074,88.8223140496
5.10950413223,115.857438017,107.204545455
8.70247933884,139.76446281,130.537190083
6.65082644628,129.252066116,121.173553719
7.29752066116,126.404958678,116.518595041
5.80785123967,107.975206612,98.8925619835
8.06611570248,108.262396694,100.652892562
9.53719008264,126.080578512,121.780991736
9.93801652893,122.227272727,118.646694215
13.0082644628,131.231404959,129.144628099
3.72727272727,59.6198347107,54.555785124
8.71900826446,82.3760330579,80.270661157
9.18181818182,86.3574380165,85.9607438017
11.305785124,110.91322314,110.919421488
10.9731404959,109.030991736,116.72107438
8.54338842975,101.960743802,114.487603306
9.19421487603,103.169421488,119.225206612
8.78099173554,85.1404958678,102.646694215
