49.4318181818,139.51446281,122.142561983
30.2458677686,127.061983471,108.859504132
26.5888429752,126.909090909,108.376033058
19.7561983471,120.876033058,102.400826446
29.2830578512,128.601239669,109.512396694
21.0888429752,120.314049587,102.142561983
19.3553719008,111.22107438,93.75
31.3553719008,138.045454545,118.826446281
14.444214876,113.345041322,95.8305785124
20.9132231405,128.964876033,110.83677686
15.4896694215,98.1549586777,83.8016528926
15.0247933884,111.772727273,95.1508264463
18.0743801653,115.363636364,99.7727272727
15.8533057851,114.886363636,99.7665289256
20.229338843,116.146694215,101.138429752
19.1301652893,121.398760331,105.791322314
20.7231404959,125.363636364,109.944214876
16.402892562,116.51446281,101.671487603
17.9276859504,116.367768595,101.667355372
15.944214876,117.008264463,102.702479339
16.5082644628,119.981404959,105.712809917
14.0661157025,120.508264463,106.630165289
7.8367768595,104.266528926,91.9070247934
8.3347107438,109.316115702,96.5020661157
5.86983471074,97.0826446281,85.229338843
6.68388429752,101.30785124,88.8698347107
5.07231404959,109.5,97.173553719
6.39462809917,111.754132231,99.8285123967
6.34504132231,113.975206612,101.783057851
4.97314049587,110.272727273,98.4214876033
4.17768595041,101.530991736,91.2995867769
10.8367768595,128.520661157,116.088842975
12.444214876,127.619834711,115.79338843
6.20454545455,116.332644628,105.340909091
5.20867768595,117.979338843,107.198347107
4.73966942149,103.981404959,94.3925619835
4.82024793388,113.886363636,103.276859504
7.87809917355,98.0289256198,86.9855371901
14.1342975207,135.295454545,125.723140496
11.7045454545,131.70661157,122.636363636
9.25826446281,128.79338843,120.590909091
9.79338842975,120.605371901,110.609504132
9.37603305785,108.611570248,99.0454545455
9.97107438017,106.010330579,97.6363636364
16.3698347107,133.07231405,127.380165289
12.6880165289,124.059917355,118.774793388
16.2851239669,131.07231405,126.94214876
8.04132231405,86.4876033058,79.3739669421
12.867768595,81.7623966942,77.8119834711
12.9008264463,90.2520661157,87.6983471074
14.9710743802,106.008264463,103.450413223
13.541322314,111.607438017,114.04338843
11.8574380165,105.138429752,111.919421488
12.3429752066,100.357438017,110.520661157
12.3037190083,89.2520661157,101.489669421
