b_mean, g_mean, r_mean, gland_ratio, output
38.5950413223, 107.045454545, 83.2272727273, 0.47434444444444446, 1
30.3863636364, 96.652892562, 73.1404958678, 0.4439444444444444, 2
34.8801652893, 102.113636364, 78.1590909091, 0.4220333333333333, 3
35.9359504132, 104.415289256, 80.1033057851, 0.44414444444444445, 4
36.8347107438, 105.995867769, 80.9524793388, 0.4502333333333333, 5
36.0433884298, 103.068181818, 78.9669421488, 0.44866666666666666, 6
27.8884297521, 87.8099173554, 66.0909090909, 0.4394111111111111, 7
46.2355371901, 117.851239669, 92.6776859504, 0.45785555555555557, 8
25.055785124, 93.5165289256, 69.055785124, 0.459, 9
37.9338842975, 109.510330579, 84.4628099174, 0.44, 10
33.402892562, 97.6466942149, 75.423553719, 0.4584111111111111, 11
32.75, 93.4607438017, 72.6921487603, 0.46813333333333335, 12
28.9152892562, 96.1508264463, 74.0082644628, 0.4394, 13
34.097107438, 103.828512397, 80.902892562, 0.4622888888888889, 14
38.7747933884, 111.157024793, 86.6900826446, 0.40702222222222223, 15
25.4049586777, 91.4152892562, 70.1859504132, 0.46732222222222225, 16
27.0268595041, 98.402892562, 75.479338843, 0.4307, 17
28.4710743802, 97.9545454545, 76.0599173554, 0.4625, 18
34.9545454545, 106.628099174, 84.3347107438, 0.4715666666666667, 19
31.1301652893, 100.342975207, 78.9090909091, 0.4703777777777778, 20
31.4359504132, 110.390495868, 87.7809917355, 0.4526, 21
26.1487603306, 106.113636364, 83.7727272727, 0.4464888888888889, 22
3.13636363636, 17.8119834711, 14.1508264463, 0.09361111111111112, 23
20.1219008264, 100.179752066, 79.2314049587, 0.43951111111111113, 24
0.0, 0.0, 0.0, 0.0, 25
16.3429752066, 86.326446281, 67.2128099174, 0.4387, 26
14.0289256198, 93.0661157025, 73.5805785124, 0.4253, 27
15.0433884298, 89.3016528926, 70.5144628099, 0.43423333333333336, 28
14.0475206612, 92.3243801653, 73.6838842975, 0.4348111111111111, 29
10.9483471074, 88.8946280992, 70.7458677686, 0.43646666666666667, 30
10.8574380165, 92.7231404959, 75.6404958678, 0.4312111111111111, 31
15.1280991736, 120.481404959, 101.305785124, 0.4323888888888889, 32
10.0227272727, 112.535123967, 94.8553719008, 0.44195555555555555, 33
8.77892561983, 102.008264463, 85.5537190083, 0.45013333333333333, 34
6.00826446281, 106.142561983, 89.8698347107, 0.44633333333333336, 35
5.49380165289, 105.578512397, 90.2995867769, 0.4416888888888889, 36
4.84090909091, 117.216942149, 101.82231405, 0.44674444444444444, 37
9.52479338843, 111.328512397, 95.5020661157, 0.46215555555555554, 38
6.78719008264, 136.776859504, 121.977272727, 0.45082222222222224, 39
7.22933884298, 140.760330579, 126.16322314, 0.4475, 40
3.98966942149, 133.200413223, 119.584710744, 0.43396666666666667, 41
8.26859504132, 134.752066116, 119.710743802, 0.4554, 42
6.85950413223, 125.516528926, 111.479338843, 0.4655888888888889, 43
6.98966942149, 126.632231405, 113.911157025, 0.47157777777777776, 44
6.28512396694, 138.369834711, 127.814049587, 0.4537555555555556, 45
4.66115702479, 132.297520661, 122.433884298, 0.4576222222222222, 46
3.71487603306, 134.283057851, 125.260330579, 0.4523888888888889, 47
4.57644628099, 82.8388429752, 72.367768595, 0.48827777777777776, 48
6.48966942149, 110.396694215, 102.555785124, 0.47674444444444447, 49
4.78925619835, 107.297520661, 100.349173554, 0.4686111111111111, 50
5.01652892562, 114.719008264, 107.061983471, 0.44451111111111113, 51
3.03099173554, 119.946280992, 114.75, 0.4450777777777778, 52
4.04545454545, 112.993801653, 108.723140496, 0.4645888888888889, 53
3.09297520661, 114.363636364, 110.404958678, 0.44674444444444444, 54
5.35537190083, 105.092975207, 100.357438017, 0.46436666666666665, 55
