b_mean, g_mean, r_mean, gland_ratio, output
33.4483471074, 116.477272727, 97.0309917355, 0.40846666666666664, 1
31.6384297521, 116.869834711, 97.1818181818, 0.4090666666666667, 2
21.2210743802, 114.173553719, 94.7272727273, 0.4144888888888889, 3
19.75, 113.566115702, 94.2045454545, 0.3867111111111111, 4
27.8512396694, 121.917355372, 101.696280992, 0.42035555555555554, 5
24.8119834711, 118.789256198, 100.002066116, 0.40921111111111114, 6
23.305785124, 121.078512397, 101.683884298, 0.40504444444444443, 7
25.4524793388, 129.289256198, 109.47107438, 0.4117777777777778, 8
13.1797520661, 113.863636364, 94.7520661157, 0.39764444444444447, 9
17.5661157025, 120.650826446, 101.855371901, 0.4098, 10
10.7933884298, 86.7107438017, 72.3429752066, 0.4031777777777778, 11
7.23553719008, 97.0330578512, 80.0103305785, 0.4071777777777778, 12
17.5371900826, 116.097107438, 99.8099173554, 0.39515555555555554, 13
11.541322314, 108.512396694, 92.8615702479, 0.39915555555555554, 14
14.5661157025, 110.053719008, 94.8636363636, 0.4025444444444444, 15
9.37603305785, 103.130165289, 87.3842975207, 0.40013333333333334, 16
12.117768595, 117.590909091, 101.599173554, 0.4018, 17
9.15289256198, 111.603305785, 96.2789256198, 0.40436666666666665, 18
12.9524793388, 112.380165289, 96.9545454545, 0.4146444444444444, 19
11.8863636364, 111.698347107, 96.9214876033, 0.41374444444444447, 20
8.81404958678, 109.495867769, 94.7541322314, 0.40884444444444445, 21
11.5909090909, 122.41322314, 107.330578512, 0.41575555555555554, 22
4.94008264463, 98.6074380165, 85.8450413223, 0.40015555555555554, 23
4.82644628099, 104.146694215, 90.5702479339, 0.3933888888888889, 24
4.22727272727, 102.646694215, 89.8574380165, 0.39674444444444446, 25
4.00826446281, 94.7417355372, 83.0661157025, 0.39313333333333333, 26
3.60950413223, 102.58677686, 90.2665289256, 0.39636666666666664, 27
4.69628099174, 110.555785124, 98.6115702479, 0.39925555555555553, 28
4.26033057851, 113.495867769, 100.946280992, 0.3977, 29
3.40495867769, 96.4669421488, 85.2768595041, 0.40375555555555553, 30
3.48553719008, 99.5991735537, 89.1838842975, 0.401, 31
8.86363636364, 133.024793388, 119.890495868, 0.4254888888888889, 32
7.88429752066, 127.873966942, 115.450413223, 0.40834444444444445, 33
4.52479338843, 111.473140496, 100.26446281, 0.4065888888888889, 34
5.62190082645, 114.033057851, 103.690082645, 0.4303111111111111, 35
4.77272727273, 106.681818182, 96.9504132231, 0.41936666666666667, 36
4.46280991736, 116.787190083, 106.723140496, 0.4225333333333333, 37
5.32438016529, 99.7541322314, 88.5681818182, 0.4332111111111111, 38
6.71900826446, 114.92768595, 106.522727273, 0.44708888888888887, 39
9.42355371901, 139.533057851, 130.295454545, 0.42715555555555557, 40
7.65495867769, 128.617768595, 120.673553719, 0.4406777777777778, 41
8.93595041322, 126.371900826, 116.605371901, 0.44522222222222224, 42
6.98553719008, 107.002066116, 98.0723140496, 0.45226666666666665, 43
9.12603305785, 108.30785124, 100.599173554, 0.45337777777777777, 44
10.694214876, 125.964876033, 121.745867769, 0.4441888888888889, 45
11.3842975207, 122.411157025, 118.671487603, 0.45472222222222225, 46
13.0, 130.783057851, 128.464876033, 0.4484, 47
5.26446280992, 59.3801652893, 54.4049586777, 0.4595666666666667, 48
9.39669421488, 81.7768595041, 79.5061983471, 0.48877777777777776, 49
10.4524793388, 86.4917355372, 86.1880165289, 0.48238888888888887, 50
11.347107438, 111.080578512, 110.700413223, 0.45235555555555557, 51
11.6074380165, 108.462809917, 116.194214876, 0.46194444444444444, 52
9.84710743802, 101.787190083, 114.200413223, 0.4643, 53
9.59297520661, 102.917355372, 118.518595041, 0.4632222222222222, 54
10.0888429752, 85.4834710744, 102.758264463, 0.49395555555555554, 55
