b_mean, g_mean, r_mean, gland_ratio, output
78.347107438, 23.555785124, 54.791322314, 0.44732222222222223, 1
83.6033057851, 24.7561983471, 58.847107438, 0.4519, 2
87.5950413223, 23.9421487603, 63.652892562, 0.4371555555555556, 3
87.2231404959, 24.208677686, 63.0144628099, 0.4296888888888889, 4
92.0289256198, 25.5909090909, 66.4380165289, 0.4449888888888889, 5
84.1714876033, 23.9214876033, 60.25, 0.4570888888888889, 6
76.6962809917, 22.3966942149, 54.2995867769, 0.44865555555555553, 7
100.111570248, 24.5599173554, 75.5516528926, 0.43845555555555554, 8
85.75, 23.444214876, 62.305785124, 0.4351111111111111, 9
100.109504132, 23.5805785124, 76.5289256198, 0.4281888888888889, 10
72.076446281, 19.4090909091, 52.6673553719, 0.43795555555555554, 11
89.5909090909, 21.0185950413, 68.5723140496, 0.43953333333333333, 12
92.2582644628, 20.8429752066, 71.4152892562, 0.43414444444444444, 13
96.8119834711, 20.8987603306, 75.9132231405, 0.44033333333333335, 14
87.1198347107, 20.1921487603, 66.9276859504, 0.4342888888888889, 15
83.3966942149, 19.0351239669, 64.3615702479, 0.44077777777777777, 16
95.8801652893, 20.0041322314, 75.8760330579, 0.4272666666666667, 17
92.1342975207, 19.75, 72.3842975207, 0.4514444444444444, 18
105.832644628, 20.5433884298, 85.2892561983, 0.4275, 19
98.6404958678, 19.3533057851, 79.2871900826, 0.4579, 20
92.541322314, 18.3285123967, 74.2128099174, 0.4456333333333333, 21
94.6797520661, 17.7066115702, 76.9731404959, 0.45054444444444447, 22
89.0392561983, 16.2561983471, 72.7830578512, 0.4373111111111111, 23
99.4648760331, 16.0867768595, 83.3780991736, 0.4242111111111111, 24
91.2747933884, 14.7128099174, 76.5619834711, 0.4272111111111111, 25
88.6384297521, 14.2871900826, 74.3512396694, 0.42785555555555554, 26
99.4194214876, 15.555785124, 83.8636363636, 0.4310555555555556, 27
88.3161157025, 14.5950413223, 73.7210743802, 0.4390222222222222, 28
92.4256198347, 13.8181818182, 78.6074380165, 0.4343, 29
92.2830578512, 13.6466942149, 78.6363636364, 0.4203222222222222, 30
95.6838842975, 13.2479338843, 82.4359504132, 0.4282222222222222, 31
113.613636364, 14.8801652893, 98.7334710744, 0.44482222222222223, 32
105.520661157, 13.9297520661, 91.5909090909, 0.4324222222222222, 33
103.576446281, 13.3016528926, 90.2747933884, 0.4418111111111111, 34
112.002066116, 13.6880165289, 98.3140495868, 0.43858888888888886, 35
102.52892562, 12.9607438017, 89.5681818182, 0.45172222222222225, 36
103.725206612, 12.7438016529, 90.9814049587, 0.4545888888888889, 37
112.766528926, 15.1425619835, 97.6239669421, 0.4497777777777778, 38
123.683884298, 12.2355371901, 111.448347107, 0.4638777777777778, 39
116.566115702, 10.3760330579, 106.190082645, 0.46132222222222224, 40
109.371900826, 7.87190082645, 101.5, 0.4566777777777778, 41
95.7355371901, 9.68388429752, 86.0516528926, 0.4744333333333333, 42
103.433884298, 8.76239669421, 94.6714876033, 0.4687, 43
101.539256198, 7.87190082645, 93.6673553719, 0.4729333333333333, 44
113.592975207, 4.27066115702, 109.32231405, 0.45263333333333333, 45
101.25, 3.11157024793, 98.1384297521, 0.4564, 46
113.493801653, 2.47727272727, 111.016528926, 0.4572111111111111, 47
56.6012396694, 4.89049586777, 51.7107438017, 0.5015777777777778, 48
92.0909090909, 2.90289256198, 89.1880165289, 0.4570888888888889, 49
88.8884297521, 1.94421487603, 86.944214876, 0.4684111111111111, 50
90.729338843, 0.650826446281, 90.0785123967, 0.4418666666666667, 51
100.421487603, -5.34090909091, 105.762396694, 0.43391111111111114, 52
85.9132231405, -8.39462809917, 94.3078512397, 0.45997777777777776, 53
88.0785123967, -12.0082644628, 100.08677686, 0.4489666666666667, 54
79.9008264463, -17.1714876033, 97.0723140496, 0.4697, 55
