b_mean, g_mean, r_mean, gland_ratio, output
34.6714876033, 117.285123967, 98.1012396694, 0.39437777777777777, 1
31.5619834711, 116.867768595, 97.3595041322, 0.3921777777777778, 2
21.3719008264, 114.855371901, 95.479338843, 0.3965222222222222, 3
20.2851239669, 114.295454545, 94.9359504132, 0.3643777777777778, 4
27.7314049587, 122.256198347, 101.98553719, 0.40775555555555554, 5
24.4938016529, 118.615702479, 99.923553719, 0.39565555555555554, 6
24.0392561983, 121.969008264, 102.685950413, 0.3830222222222222, 7
25.1818181818, 129.398760331, 109.690082645, 0.39394444444444443, 8
12.7933884298, 113.952479339, 94.7871900826, 0.3753666666666667, 9
17.3966942149, 120.952479339, 102.208677686, 0.3915222222222222, 10
10.3223140496, 86.8078512397, 72.3016528926, 0.38456666666666667, 11
6.10123966942, 97.2128099174, 80.0723140496, 0.39774444444444446, 12
16.6859504132, 115.772727273, 99.3119834711, 0.38133333333333336, 13
10.7995867769, 108.70661157, 92.8595041322, 0.37574444444444444, 14
14.2789256198, 110.601239669, 95.1818181818, 0.38343333333333335, 15
8.34297520661, 103.506198347, 87.4256198347, 0.38347777777777775, 16
11.5082644628, 118.27892562, 102.22107438, 0.38164444444444445, 17
8.3305785124, 112.088842975, 96.9173553719, 0.37496666666666667, 18
12.3636363636, 112.630165289, 97.2252066116, 0.4019666666666667, 19
11.7231404959, 111.97107438, 97.2045454545, 0.3940444444444444, 20
7.71280991736, 109.857438017, 95.0578512397, 0.3998333333333333, 21
10.9524793388, 123.05785124, 107.962809917, 0.3992777777777778, 22
3.69214876033, 99.347107438, 86.4607438017, 0.3745888888888889, 23
3.85537190083, 104.52892562, 90.9276859504, 0.37858888888888886, 24
3.02479338843, 103.266528926, 90.4483471074, 0.37556666666666666, 25
2.88429752066, 95.3388429752, 83.5909090909, 0.3716333333333333, 26
2.37190082645, 103.117768595, 90.6818181818, 0.37956666666666666, 27
3.49380165289, 110.754132231, 98.7644628099, 0.3741, 28
2.61363636364, 114.033057851, 101.330578512, 0.3744111111111111, 29
2.05785123967, 96.8863636364, 85.5702479339, 0.38232222222222223, 30
2.03305785124, 100.084710744, 89.7685950413, 0.3798222222222222, 31
7.5041322314, 133.210743802, 120.016528926, 0.40474444444444446, 32
6.9152892562, 128.037190083, 115.448347107, 0.3858888888888889, 33
2.67148760331, 111.533057851, 100.254132231, 0.3890777777777778, 34
4.03925619835, 114.239669421, 103.694214876, 0.41074444444444447, 35
3.23347107438, 106.82231405, 96.9070247934, 0.40332222222222225, 36
3.02272727273, 117.510330579, 107.32231405, 0.40663333333333335, 37
4.05371900826, 100.233471074, 88.8223140496, 0.4268111111111111, 38
5.10950413223, 115.857438017, 107.204545455, 0.4278777777777778, 39
8.70247933884, 139.76446281, 130.537190083, 0.4115333333333333, 40
6.65082644628, 129.252066116, 121.173553719, 0.42212222222222223, 41
7.29752066116, 126.404958678, 116.518595041, 0.42517777777777777, 42
5.80785123967, 107.975206612, 98.8925619835, 0.4464666666666667, 43
8.06611570248, 108.262396694, 100.652892562, 0.44576666666666664, 44
9.53719008264, 126.080578512, 121.780991736, 0.4282222222222222, 45
9.93801652893, 122.227272727, 118.646694215, 0.44116666666666665, 46
13.0082644628, 131.231404959, 129.144628099, 0.4297111111111111, 47
3.72727272727, 59.6198347107, 54.555785124, 0.4526222222222222, 48
8.71900826446, 82.3760330579, 80.270661157, 0.4804, 49
9.18181818182, 86.3574380165, 85.9607438017, 0.47657777777777777, 50
11.305785124, 110.91322314, 110.919421488, 0.43172222222222223, 51
10.9731404959, 109.030991736, 116.72107438, 0.4472888888888889, 52
8.54338842975, 101.960743802, 114.487603306, 0.44864444444444446, 53
9.19421487603, 103.169421488, 119.225206612, 0.4543111111111111, 54
8.78099173554, 85.1404958678, 102.646694215, 0.48217777777777776, 55
49.4318181818, 139.51446281, 122.142561983, 0.40282222222222225, 1
30.2458677686, 127.061983471, 108.859504132, 0.3958888888888889, 2
26.5888429752, 126.909090909, 108.376033058, 0.3941777777777778, 3
19.7561983471, 120.876033058, 102.400826446, 0.3899, 4
29.2830578512, 128.601239669, 109.512396694, 0.3957888888888889, 5
21.0888429752, 120.314049587, 102.142561983, 0.4037, 6
19.3553719008, 111.22107438, 93.75, 0.38866666666666666, 7
31.3553719008, 138.045454545, 118.826446281, 0.39892222222222223, 8
14.444214876, 113.345041322, 95.8305785124, 0.39174444444444445, 9
20.9132231405, 128.964876033, 110.83677686, 0.39255555555555555, 10
15.4896694215, 98.1549586777, 83.8016528926, 0.39826666666666666, 11
15.0247933884, 111.772727273, 95.1508264463, 0.39924444444444446, 12
18.0743801653, 115.363636364, 99.7727272727, 0.3905777777777778, 13
15.8533057851, 114.886363636, 99.7665289256, 0.39394444444444443, 14
20.229338843, 116.146694215, 101.138429752, 0.38445555555555555, 15
19.1301652893, 121.398760331, 105.791322314, 0.38534444444444443, 16
20.7231404959, 125.363636364, 109.944214876, 0.3862777777777778, 17
16.402892562, 116.51446281, 101.671487603, 0.3945111111111111, 18
17.9276859504, 116.367768595, 101.667355372, 0.39736666666666665, 19
15.944214876, 117.008264463, 102.702479339, 0.4023888888888889, 20
16.5082644628, 119.981404959, 105.712809917, 0.3875777777777778, 21
14.0661157025, 120.508264463, 106.630165289, 0.38656666666666667, 22
7.8367768595, 104.266528926, 91.9070247934, 0.37837777777777776, 23
8.3347107438, 109.316115702, 96.5020661157, 0.3754111111111111, 24
5.86983471074, 97.0826446281, 85.229338843, 0.3864222222222222, 25
6.68388429752, 101.30785124, 88.8698347107, 0.38483333333333336, 26
5.07231404959, 109.5, 97.173553719, 0.3742, 27
6.39462809917, 111.754132231, 99.8285123967, 0.3772, 28
6.34504132231, 113.975206612, 101.783057851, 0.3786888888888889, 29
4.97314049587, 110.272727273, 98.4214876033, 0.37556666666666666, 30
4.17768595041, 101.530991736, 91.2995867769, 0.37777777777777777, 31
10.8367768595, 128.520661157, 116.088842975, 0.3894111111111111, 32
12.444214876, 127.619834711, 115.79338843, 0.3849444444444444, 33
6.20454545455, 116.332644628, 105.340909091, 0.3902888888888889, 34
5.20867768595, 117.979338843, 107.198347107, 0.39176666666666665, 35
4.73966942149, 103.981404959, 94.3925619835, 0.39218888888888886, 36
4.82024793388, 113.886363636, 103.276859504, 0.39615555555555554, 37
7.87809917355, 98.0289256198, 86.9855371901, 0.41667777777777776, 38
14.1342975207, 135.295454545, 125.723140496, 0.4107222222222222, 39
11.7045454545, 131.70661157, 122.636363636, 0.4046444444444444, 40
9.25826446281, 128.79338843, 120.590909091, 0.38003333333333333, 41
9.79338842975, 120.605371901, 110.609504132, 0.3982111111111111, 42
9.37603305785, 108.611570248, 99.0454545455, 0.4116, 43
9.97107438017, 106.010330579, 97.6363636364, 0.4205333333333333, 44
16.3698347107, 133.07231405, 127.380165289, 0.40125555555555553, 45
12.6880165289, 124.059917355, 118.774793388, 0.4117, 46
16.2851239669, 131.07231405, 126.94214876, 0.3997777777777778, 47
8.04132231405, 86.4876033058, 79.3739669421, 0.42604444444444445, 48
12.867768595, 81.7623966942, 77.8119834711, 0.4580111111111111, 49
12.9008264463, 90.2520661157, 87.6983471074, 0.4296333333333333, 50
14.9710743802, 106.008264463, 103.450413223, 0.4016888888888889, 51
13.541322314, 111.607438017, 114.04338843, 0.41142222222222224, 52
11.8574380165, 105.138429752, 111.919421488, 0.4056888888888889, 53
12.3429752066, 100.357438017, 110.520661157, 0.40763333333333335, 54
12.3037190083, 89.2520661157, 101.489669421, 0.44404444444444446, 55
28.4400826446, 110.694214876, 90.6921487603, 0.4192222222222222, 1
31.8037190083, 117.923553719, 97.8760330579, 0.4199222222222222, 2
28.3078512397, 116.022727273, 95.8202479339, 0.40228888888888886, 3
19.6673553719, 106.481404959, 86.9214876033, 0.4189888888888889, 4
40.694214876, 131.342975207, 110.289256198, 0.4201666666666667, 5
20.8078512397, 107.938016529, 88.4483471074, 0.42494444444444446, 6
19.708677686, 99.673553719, 80.9669421488, 0.41588888888888886, 7
40.7975206612, 137.006198347, 115.801652893, 0.42023333333333335, 8
18.4483471074, 111.185950413, 91.6384297521, 0.4011, 9
20.367768595, 117.609504132, 97.6838842975, 0.41167777777777775, 10
15.8739669421, 82.6921487603, 67.0165289256, 0.42843333333333333, 11
27.6012396694, 109.698347107, 92.0599173554, 0.4238777777777778, 12
23.2128099174, 110.66322314, 93.2479338843, 0.4210888888888889, 13
25.1012396694, 116.54338843, 98.8243801653, 0.4211666666666667, 14
19.4256198347, 101.049586777, 84.7975206612, 0.41374444444444447, 15
23.8388429752, 115.995867769, 98.4731404959, 0.4140666666666667, 16
19.3367768595, 112.460743802, 95.5392561983, 0.4167777777777778, 17
14.2107438017, 104.16322314, 88.3016528926, 0.4135333333333333, 18
27.7355371901, 121.061983471, 103.865702479, 0.42634444444444447, 19
26.3202479339, 117.884297521, 101.363636364, 0.43133333333333335, 20
14.8119834711, 103.045454545, 87.7396694215, 0.4253777777777778, 21
13.8243801653, 106.095041322, 91.0041322314, 0.4175111111111111, 22
8.12396694215, 90.4896694215, 77.1095041322, 0.40996666666666665, 23
8.49380165289, 92.5640495868, 79.2644628099, 0.4146888888888889, 24
6.68801652893, 88.597107438, 75.5867768595, 0.41505555555555557, 25
6.56611570248, 83.4772727273, 71.0309917355, 0.4145666666666667, 26
5.47933884298, 97.882231405, 84.3161157025, 0.41463333333333335, 27
5.39669421488, 85.882231405, 73.5723140496, 0.4145333333333333, 28
5.55165289256, 98.2066115702, 84.9876033058, 0.4110888888888889, 29
3.92561983471, 87.1425619835, 74.9855371901, 0.41907777777777777, 30
5.40289256198, 96.1115702479, 83.6446280992, 0.4187222222222222, 31
8.92768595041, 108.074380165, 95.0289256198, 0.42331111111111114, 32
11.7314049587, 117.921487603, 104.254132231, 0.4179111111111111, 33
5.70661157025, 104.481404959, 92.0289256198, 0.4199, 34
5.73553719008, 107.25, 94.7768595041, 0.4277888888888889, 35
4.42148760331, 84.979338843, 74.0888429752, 0.4283888888888889, 36
5.29958677686, 102.826446281, 90.5950413223, 0.43046666666666666, 37
10.8780991736, 88.1363636364, 75.2376033058, 0.44834444444444443, 38
14.9008264463, 138.849173554, 125.737603306, 0.4280777777777778, 39
10.2438016529, 122.791322314, 110.568181818, 0.43264444444444444, 40
9.56818181818, 122.239669421, 110.694214876, 0.4288888888888889, 41
15.347107438, 132.603305785, 118.630165289, 0.4227888888888889, 42
12.0454545455, 118.654958678, 105.078512397, 0.44112222222222225, 43
11.7768595041, 114.888429752, 102.816115702, 0.4459, 44
13.7954545455, 131.900826446, 120.966942149, 0.4257666666666667, 45
12.2128099174, 126.758264463, 116.159090909, 0.42734444444444447, 46
14.117768595, 132.353305785, 122.299586777, 0.4293111111111111, 47
7.48347107438, 63.2933884298, 54.1301652893, 0.4622777777777778, 48
14.3119834711, 100.681818182, 91.7231404959, 0.44266666666666665, 49
11.6714876033, 92.6508264463, 84.3904958678, 0.4439111111111111, 50
14.6673553719, 105.396694215, 96.2479338843, 0.4323111111111111, 51
13.826446281, 113.923553719, 106.752066116, 0.42538888888888887, 52
13.2933884298, 107.25, 101.698347107, 0.44216666666666665, 53
14.3037190083, 103.541322314, 99.3553719008, 0.43744444444444447, 54
15.9896694215, 95.0867768595, 91.8553719008, 0.4567333333333333, 55
32.6198347107, 110.966942149, 87.4111570248, 0.44732222222222223, 1
17.0723140496, 100.675619835, 75.9194214876, 0.4519, 2
28.7995867769, 116.394628099, 92.4524793388, 0.4371555555555556, 3
18.1714876033, 105.394628099, 81.1859504132, 0.4296888888888889, 4
25.7644628099, 117.79338843, 92.2024793388, 0.4449888888888889, 5
11.9979338843, 96.1694214876, 72.2479338843, 0.4570888888888889, 6
10.8161157025, 87.5123966942, 65.1157024793, 0.44865555555555553, 7
30.979338843, 131.090909091, 106.530991736, 0.43845555555555554, 8
8.13636363636, 93.8863636364, 70.4421487603, 0.4351111111111111, 9
28.5702479339, 128.679752066, 105.099173554, 0.4281888888888889, 10
7.39462809917, 79.4710743802, 60.0619834711, 0.43795555555555554, 11
23.7623966942, 113.353305785, 92.3347107438, 0.43953333333333333, 12
15.7644628099, 108.022727273, 87.1797520661, 0.43414444444444444, 13
19.5702479339, 116.382231405, 95.4834710744, 0.44033333333333335, 14
12.7789256198, 99.8987603306, 79.7066115702, 0.4342888888888889, 15
9.79338842975, 93.1900826446, 74.1549586777, 0.44077777777777777, 16
12.8595041322, 108.739669421, 88.7355371901, 0.4272666666666667, 17
11.5475206612, 103.681818182, 83.9318181818, 0.4514444444444444, 18
23.5929752066, 129.425619835, 108.882231405, 0.4275, 19
17.708677686, 116.349173554, 96.9958677686, 0.4579, 20
9.23760330579, 101.77892562, 83.4504132231, 0.4456333333333333, 21
8.04338842975, 102.723140496, 85.0165289256, 0.45054444444444447, 22
5.57438016529, 94.6136363636, 78.3574380165, 0.4373111111111111, 23
4.70041322314, 104.165289256, 88.0785123967, 0.4242111111111111, 24
4.12809917355, 95.402892562, 80.6900826446, 0.4272111111111111, 25
3.11776859504, 91.7561983471, 77.4690082645, 0.42785555555555554, 26
4.03305785124, 103.452479339, 87.8966942149, 0.4310555555555556, 27
3.07024793388, 91.3863636364, 76.791322314, 0.4390222222222222, 28
2.48140495868, 94.9070247934, 81.0888429752, 0.4343, 29
1.65495867769, 93.9380165289, 80.291322314, 0.4203222222222222, 30
2.24173553719, 97.9256198347, 84.6776859504, 0.4282222222222222, 31
5.77892561983, 119.392561983, 104.512396694, 0.44482222222222223, 32
3.73966942149, 109.260330579, 95.3305785124, 0.4324222222222222, 33
3.09504132231, 106.671487603, 93.3698347107, 0.4418111111111111, 34
3.01033057851, 115.012396694, 101.324380165, 0.43858888888888886, 35
3.28719008264, 105.816115702, 92.8553719008, 0.45172222222222225, 36
3.18595041322, 106.911157025, 94.1673553719, 0.4545888888888889, 37
7.14462809917, 119.911157025, 104.768595041, 0.4497777777777778, 38
6.39462809917, 130.078512397, 117.842975207, 0.4638777777777778, 39
7.49380165289, 124.059917355, 113.683884298, 0.46132222222222224, 40
5.11570247934, 114.487603306, 106.615702479, 0.4566777777777778, 41
7.71487603306, 103.450413223, 93.7665289256, 0.4744333333333333, 42
7.97933884298, 111.41322314, 102.650826446, 0.4687, 43
10.0433884298, 111.582644628, 103.710743802, 0.4729333333333333, 44
9.78719008264, 123.380165289, 119.109504132, 0.45263333333333333, 45
8.50619834711, 109.756198347, 106.644628099, 0.4564, 46
8.35330578512, 121.847107438, 119.369834711, 0.4572111111111111, 47
7.68801652893, 64.2892561983, 59.3987603306, 0.5015777777777778, 48
9.53512396694, 101.626033058, 98.7231404959, 0.4570888888888889, 49
9.34297520661, 98.2314049587, 96.2871900826, 0.4684111111111111, 50
8.7541322314, 99.4834710744, 98.8326446281, 0.4418666666666667, 51
8.17768595041, 108.599173554, 113.940082645, 0.43391111111111114, 52
7.99173553719, 93.9049586777, 102.299586777, 0.45997777777777776, 53
7.46074380165, 95.5392561983, 107.547520661, 0.4489666666666667, 54
10.0289256198, 89.9297520661, 107.101239669, 0.4697, 55
