b_mean, g_mean, r_mean, gland_ratio, output
32.6198347107, 110.966942149, 87.4111570248, 0.44732222222222223, 1
17.0723140496, 100.675619835, 75.9194214876, 0.4519, 2
28.7995867769, 116.394628099, 92.4524793388, 0.4371555555555556, 3
18.1714876033, 105.394628099, 81.1859504132, 0.4296888888888889, 4
25.7644628099, 117.79338843, 92.2024793388, 0.4449888888888889, 5
11.9979338843, 96.1694214876, 72.2479338843, 0.4570888888888889, 6
10.8161157025, 87.5123966942, 65.1157024793, 0.44865555555555553, 7
30.979338843, 131.090909091, 106.530991736, 0.43845555555555554, 8
8.13636363636, 93.8863636364, 70.4421487603, 0.4351111111111111, 9
28.5702479339, 128.679752066, 105.099173554, 0.4281888888888889, 10
7.39462809917, 79.4710743802, 60.0619834711, 0.43795555555555554, 11
23.7623966942, 113.353305785, 92.3347107438, 0.43953333333333333, 12
15.7644628099, 108.022727273, 87.1797520661, 0.43414444444444444, 13
19.5702479339, 116.382231405, 95.4834710744, 0.44033333333333335, 14
12.7789256198, 99.8987603306, 79.7066115702, 0.4342888888888889, 15
9.79338842975, 93.1900826446, 74.1549586777, 0.44077777777777777, 16
12.8595041322, 108.739669421, 88.7355371901, 0.4272666666666667, 17
11.5475206612, 103.681818182, 83.9318181818, 0.4514444444444444, 18
23.5929752066, 129.425619835, 108.882231405, 0.4275, 19
17.708677686, 116.349173554, 96.9958677686, 0.4579, 20
9.23760330579, 101.77892562, 83.4504132231, 0.4456333333333333, 21
8.04338842975, 102.723140496, 85.0165289256, 0.45054444444444447, 22
5.57438016529, 94.6136363636, 78.3574380165, 0.4373111111111111, 23
4.70041322314, 104.165289256, 88.0785123967, 0.4242111111111111, 24
4.12809917355, 95.402892562, 80.6900826446, 0.4272111111111111, 25
3.11776859504, 91.7561983471, 77.4690082645, 0.42785555555555554, 26
4.03305785124, 103.452479339, 87.8966942149, 0.4310555555555556, 27
3.07024793388, 91.3863636364, 76.791322314, 0.4390222222222222, 28
2.48140495868, 94.9070247934, 81.0888429752, 0.4343, 29
1.65495867769, 93.9380165289, 80.291322314, 0.4203222222222222, 30
2.24173553719, 97.9256198347, 84.6776859504, 0.4282222222222222, 31
5.77892561983, 119.392561983, 104.512396694, 0.44482222222222223, 32
3.73966942149, 109.260330579, 95.3305785124, 0.4324222222222222, 33
3.09504132231, 106.671487603, 93.3698347107, 0.4418111111111111, 34
3.01033057851, 115.012396694, 101.324380165, 0.43858888888888886, 35
3.28719008264, 105.816115702, 92.8553719008, 0.45172222222222225, 36
3.18595041322, 106.911157025, 94.1673553719, 0.4545888888888889, 37
7.14462809917, 119.911157025, 104.768595041, 0.4497777777777778, 38
6.39462809917, 130.078512397, 117.842975207, 0.4638777777777778, 39
7.49380165289, 124.059917355, 113.683884298, 0.46132222222222224, 40
5.11570247934, 114.487603306, 106.615702479, 0.4566777777777778, 41
7.71487603306, 103.450413223, 93.7665289256, 0.4744333333333333, 42
7.97933884298, 111.41322314, 102.650826446, 0.4687, 43
10.0433884298, 111.582644628, 103.710743802, 0.4729333333333333, 44
9.78719008264, 123.380165289, 119.109504132, 0.45263333333333333, 45
8.50619834711, 109.756198347, 106.644628099, 0.4564, 46
8.35330578512, 121.847107438, 119.369834711, 0.4572111111111111, 47
7.68801652893, 64.2892561983, 59.3987603306, 0.5015777777777778, 48
9.53512396694, 101.626033058, 98.7231404959, 0.4570888888888889, 49
9.34297520661, 98.2314049587, 96.2871900826, 0.4684111111111111, 50
8.7541322314, 99.4834710744, 98.8326446281, 0.4418666666666667, 51
8.17768595041, 108.599173554, 113.940082645, 0.43391111111111114, 52
7.99173553719, 93.9049586777, 102.299586777, 0.45997777777777776, 53
7.46074380165, 95.5392561983, 107.547520661, 0.4489666666666667, 54
10.0289256198, 89.9297520661, 107.101239669, 0.4697, 55
